32508053
35008530
36666511
32906341
36666510
32906343
32457751
31368699
32323333
33337651
36754053
32626922
32397381
32323330
2710613
36181007
36303189
36117952
32341095
35953958
31657932
36181009
36808713
36235899
34622658
32441451
36303978
36191579
34388834
32866582
36181010
35008533
844269
36025581
36181012
33514925
36181011
35363881
36181006
36181013
36181005
36181008
32457750
36181014
4182990
31655897
33070223
3896698
31918235
32046028
36808714
32145248
30876516
35008529
36603610
36808715
33036660
31254010
32457756
30607447
5716847
30753940
36808716
31657937
32859299
36241810
30177124
36263286
5450271
4116845
35958553
32888699
35885437
36808717
36668445
33606505
72689
36080040
35958559
34279647
30875931
36213426
2202565
2118341
36213429
36117953
844268
35810840
3969914
30883561
4275834
33771624
32994202
36241811
32888695
36106331
5480271
36291783
33630420
36106330
36430871
34279648
33317915
34947189
36798836
1098349
36241812
36777750
30876520
33464977
32362652
32145246
36556211
36235896
36263287
30520526
36734520
52004
32323331
1874917
32457747
30524912
7953693
35809488
32633199
30987469
33976399
1940763
3979589
33978990
36255764
37820
33160481
36754001
622742
32560653
31773569
35810836
34142543
74652
36603605
3328252
34332776
35809489
3859697
31719671
32457748
32180564
7880286
33160479
33279092
32441464
36686291
32633209
35336410
35968583
2710609
742574
32457759
32323332
36471709
847242
33955357
34505668
32145249
1726823
36761853
36761854
32567833
85278
32708812
36080038
30987471
8110560
32555799
34938990
31657933
35810831
35810834
73294
35336413
31751350
34677311
32756805
33284733
30876023
36421835
36749343
2182306
36441371
35336412
36810405
30876519
5671634
844267
32801618
31774793
32457760
32866581
36761855
36831404
36049885
34917226
30241566
36172277
33411358
33982758
4490308
36653026
36598376
36106329
36080039
8095082
3556857
35810837
1455309
35810833
3338350
2710608
32555801
35810835
36734521
36710138
33160876
1139435
32397385
4815208
35336409
69908
33234458
35810832
983849
1733406
8302665
33144500
3324214
36754000
33332737
34052430
83059
36798838
1124691
2947004
32457753
32599805
452894
2710614
32608398
1140849
32633200
32441461
4079482
31655899
36291778
32441452
53509
34245072
36434998
36603606
36263282
35336415
81258
30972240
1604553
34938987
32362655
32866580
2563049
35336416
32599795
35336411
30582047
34670973
1894399
35958558
50149
2340294
32492851
30876020
36291782
1569465
1569163
1028281
32213578
32501806
30378082
36500847
1714360
36080035
75538
32523392
32323334
36263284
34305479
33423500
33246348
33263020
33275028
1877126
33160482
62857
30875935
34726091
1894398
30424673
1888933
33497870
33578741
33279091
1356122
2182310
31764306
34938991
2134107
73305
3963582
33149054
30876534
8283845
32441453
33207714
34938993
32624988
32719279
36065162
3592201
32523397
1576533
30876329
31774808
1287126
847136
7889312
36355157
32567722
33408093
32555790
1193736
2535349
32180563
32633203
36830330
731796
34938988
32845836
34938994
81123
33226408
986980
1196850
36826655
2063744
8245616
2532963
33838344
36802399
33427914
33226413
34938989
36095426
34542779
30404161
31773573
36213431
36147446
34938992
35790836
34052429
33027337
36291781
526761
36817945
31751351
35702664
8154702
36837257
36191580
611673
4260411
81122
7874441
33149058
431244
30909912
1213093
36441373
36172281
33453665
32801617
36303977
32323340
32615702
1733410
35979831
833116
32779610
32906335
3362288
4493864
36378038
31782655
36350480
33849373
600576
31590645
91339
32599793
35958551
1917029
35968588
60161
36712818
33408084
31704029
32457752
1003928
36060973
33694882
36172284
32906337
72270
32397382
32956422
32145247
36263289
1105188
5380008
62770
1958862
50148
1287120
32599800
32827686
31803614
33263019
80261
36694031
1827622
30876327
34917228
32007086
31657934
31655906
8211711
33807761
36370270
1847750
32145258
91117
30573210
31655907
33350558
35885436
32362657
36181015
34505667
900147
33080335
4789139
33160483
36241794
1016285
32457754
4065434
36263283
31554370
36754003
36710139
50147
33317916
531316
33160480
36263280
742576
2249724
32557124
1028282
36499023
34670967
91055
36804404
33337122
36603607
4815213
33397881
32145254
32781596
452888
31989530
520894
33443362
87834
33397882
32888698
36009110
33279085
33453496
48221
32679773
33303544
35363879
30001593
35003046
2593007
34917227
33160489
33160497
31052259
36793344
1459193
32555791
81125
32953567
36049891
33332740
1008348
531311
8005625
33317914
5381257
33172151
32145251
1714367
30876990
33360619
36263285
36241793
33043449
2350345
36372110
5689906
31887137
32866586
36350470
30177121
33428839
8302666
848282
33279089
58694
1193743
30178925
32145257
5671636
36820604
4182993
80259
47009
35992748
36603609
36691575
33160484
33481717
35968584
34938995
445627
33701698
33625066
34938996
33359765
33168084
2374648
30662688
32145255
33079870
32555789
33064656
1645265
32362653
32323352
36777753
36206089
36801055
31704036
2687369
33080330
2607155
32410935
36241791
32145250
36106326
30072104
33669069
526760
31704028
33234463
621799
32878319
33160487
33373464
32708815
36037144
452312
36291780
33535515
36664641
36060970
32397388
4625701
36049890
5781730
36095421
32145256
33160485
33519216
33359766
36049889
73302
33383486
7856010
32538416
3558565
33160494
33359767
36235894
8211710
36132847
33160498
1889681
33728859
30875938
1621383
33438238
8211708
33160495
34850854
35952516
36065163
8211704
33571870
8265653
34568770
8211702
32145252
1837421
35979836
36291779
91116
30837001
33160488
33160493
87048
833056
8211705
8211707
36713533
32606630
67127
94603
848275
8257041
36506499
833072
4182992
33080340
33160490
33443364
36255761
31554375
32584092
34501362
8211709
33080341
32362654
33160492
33160496
32437120
33080337
32261384
4599894
33159865
32035130
33332738
34670969
1777980
35953944
33080334
36676729
33160491
32906331
33279087
33080336
30524915
32145253
1124974
36539970
33359768
33160880
33207709
5808197
32860657
33080331
32961325
33080338
34052428
36674274
33263018
33080332
30378081
36798843
33080339
8211703
32811392
33160486
34279651
986973
33246345
34917124
35958556
8154704
33317918
35958554
30352469
35556956
8211706
33080333
30178926
32650008
32651694
33906476
36378040
36494192
35116984
36081065
34052431
33530794
32615706
36664961
2741356
32457757
33322389
32766819
32523402
33011447
36132860
31774794
497712
5671631
35979833
32664121
33392779
1877129
5381271
36598375
36635500
36213436
36734522
7942525
31999628
4182998
36080041
36574520
193884
33150641
2254124
3825962
33945879
33674482
33298675
32323351
36510600
30169354
4815209
36494193
36555822
30876518
33542240
30875932
32674671
3768194
36025582
53605
1213086
36631464
2718961
32538407
32698536
33578742
2710618
36095423
32397389
32845841
36025590
31337775
31823002
8040701
35958557
1542626
4134879
1009496
3582619
32538409
33317913
32741232
32961331
36589212
32533023
33196776
36025588
36213421
1726827
5381256
32441465
32624984
62912
33453967
32531582
36241796
36578238
1851852
36235893
2523046
4638118
30987473
32441454
30987474
32457755
33175988
3556869
3731622
36595381
36691573
36798839
36420895
32389814
36499024
36510599
1777969
33298676
36132849
32615707
32441462
33142834
33875324
34279656
36235898
31184860
33746565
1188682
32866587
36117959
36539704
36049895
4610970
36631466
33551769
1008364
32707987
622746
844275
74645
526758
34670970
36515525
876537
1077258
33707676
36616046
31774802
34670972
30975954
32615708
36777754
1213604
5630960
30876310
32007092
35379097
35556955
2679078
36322458
36777749
33852321
36734519
30146132
30959702
32687747
35776557
36477713
36589115
3930936
36095425
36172283
47978
1656390
32615711
1648521
33189076
32457761
1565650
94610
30239362
30902287
33013291
4461336
34093859
2119834
35885438
36674275
36500845
32873001
33284741
35005036
32994204
34505669
31774799
32741234
36539808
32516255
36350478
32065752
59193
32549218
91098
3374895
32827678
33423499
36754002
60162
3027093
5671629
32007091
33140520
32860661
2780871
36798841
1621394
35952517
453786
32397387
36255763
1779566
32567727
30286495
36049887
36756655
32639165
36800289
32362659
32584088
32953564
33516673
452879
1874936
35357528
36172282
33133971
32961329
32766817
31164444
32334342
33189077
32996558
47114
73297
32606627
2790007
4731857
32633206
32811394
36810404
531357
833171
3979598
32700844
33279090
35556957
36213430
1005538
31773568
32436681
33093934
36424001
32457758
36420896
36603608
35953946
33452008
2549814
30024180
36736969
35968586
2340050
36132846
33191041
36378039
1768576
36676732
4454368
1031302
2710617
33075949
52214
82014
2249744
33490386
36404514
36535956
32696719
4559220
